; GSX Airport setting file
; RJTT Tokyo Haneda Intl. Airport
; For TechnoBrain FS AddOn Collection RJTT 2 only.

[general]
afcad_path = \Addon Scenery\FSAC_RJTT2_FSX\scenery\RJTT2_ADEX_TB.bgl
[gate 51]
nopassengerstairs = 1
nopassengerbus = 0
ignoreicaoprefixes = 0
parkingsystem = 8
hasjetway = 1
pushback = 1
pushbacklabels = Recommended from GSXAirportsSettingsJP|Nose Left/Tail Right (RIGHT)
maxwingspan = 60.0
radiusleft = 30.0
radiusright = 24.0
loadertype = 3 3
airlinecodes = SNJ,ADO,ANA
type = 9
usercustomized = 1
parkingsystem_objectposition = 35.5544634407419 139.786459956118 -29.6300000000004 4.06999999999998
parkingsystem_stopposition = 35.5546911244052 139.786302225015
pushback_pos = 35.5546381288059 139.786514109265 -120
stairs_front_pos = 35.5547559615895 139.786557532585 -75
this_parking_pos = 35.5547886154489 139.786234840726 150
pushbackleftpos = 35.55692274 139.7867431
baggage_loader_front_pos = 35.5545538940906 139.786030421131 20
baggage_loader_rear_pos = 35.5548928899263 139.785755009719 105
baggage_train_front_pos = 35.5546087141419 139.786191031857 -30
baggage_train_rear_pos = 35.5545941402271 139.786149112555 -30


